nplayer 1 0
joueur
lettres [ ,  ,  ,  ,  ,  ,  ]
used [false, false, false, false, true, false, false]
points 465
endjoueur
plateau 102
[7, 7, 19]
[8, 7, 14]
[9, 7, 19]
[9, 6, 13]
[9, 5, 0]
[9, 4, 19]
[9, 8, 4]
[8, 8, 17]
[7, 8, 20]
[6, 8, 3]
[7, 6, 4]
[7, 9, 3]
[7, 10, 34]
[8, 5, 12]
[10, 5, 17]
[11, 5, 10]
[6, 6, 12]
[5, 6, 24]
[4, 6, 25]
[3, 6, 13]
[2, 6, 4]
[2, 5, 6]
[2, 4, 8]
[2, 3, 5]
[1, 4, 21]
[3, 4, 4]
[4, 4, 18]
[6, 10, 6]
[5, 10, 20]
[4, 10, 9]
[4, 3, 5]
[4, 2, 8]
[4, 1, 15]
[3, 1, 8]
[2, 1, 11]
[1, 1, 2]
[10, 8, 4]
[11, 4, 17]
[11, 3, 0]
[11, 2, 12]
[3, 0, 23]
[4, 11, 20]
[4, 12, 8]
[4, 13, 13]
[3, 11, 22]
[10, 3, 21]
[5, 9, 1]
[5, 13, 13]
[3, 13, 14]
[2, 13, 18]
[6, 13, 4]
[7, 13, 18]
[6, 12, 3]
[6, 14, 1]
[7, 14, 0]
[8, 14, 19]
[9, 14, 4]
[12, 3, 13]
[10, 14, 17]
[11, 8, 48]
[11, 9, 0]
[11, 10, 11]
[11, 11, 11]
[11, 12, 4]
[11, 13, 18]
[9, 13, 7]
[10, 9, 18]
[12, 9, 15]
[13, 9, 4]
[14, 9, 4]
[3, 14, 17]
[14, 8, 18]
[14, 7, 8]
[14, 6, 0]
[14, 5, 19]
[13, 6, 19]
[13, 5, 4]
[13, 4, 13]
[2, 12, 0]
[1, 12, 17]
[12, 2, 4]
[12, 13, 14]
[13, 13, 20]
[14, 13, 11]
[13, 12, 16]
[13, 14, 4]
[9, 12, 2]
[9, 11, 0]
[9, 10, 11]
[1, 11, 14]
[0, 12, 8]
[1, 2, 0]
[8, 11, 7]
[12, 11, 4]
[5, 3, 8]
[6, 3, 0]
[3, 7, 20]
[3, 8, 8]
[8, 9, 4]
[2, 8, 20]
[1, 8, 14]
[7, 12, 14]
endplateau
pioche 0
partie 51
allLettres 3
7 7 19 1
8 7 14 1
9 7 19 1
mots 1
7 10 7 8
allLettres 7
9 6 13 1
9 5 0 1
9 4 19 1
9 8 4 1
7 7 19 0
8 7 14 0
9 7 19 0
mots 1
9 10 4 9
allLettres 10
8 8 17 1
7 8 20 1
6 8 3 1
7 7 19 0
8 7 14 0
9 7 19 0
9 6 13 0
9 5 0 0
9 4 19 0
9 8 4 0
mots 3
6 10 8 9
8 9 7 9
7 8 7 9
allLettres 13
7 6 4 1
7 9 3 1
7 10 34 1
7 7 19 0
8 7 14 0
9 7 19 0
9 6 13 0
9 5 0 0
9 4 19 0
9 8 4 0
8 8 17 0
7 8 20 0
6 8 3 0
mots 1
7 8 6 11
allLettres 16
8 5 12 1
10 5 17 1
11 5 10 1
7 7 19 0
8 7 14 0
9 7 19 0
9 6 13 0
9 5 0 0
9 4 19 0
9 8 4 0
8 8 17 0
7 8 20 0
6 8 3 0
7 6 4 0
7 9 3 0
7 10 34 0
mots 1
8 12 5 6
allLettres 17
6 6 12 1
7 7 19 0
8 7 14 0
9 7 19 0
9 6 13 0
9 5 0 0
9 4 19 0
9 8 4 0
8 8 17 0
7 8 20 0
6 8 3 0
7 6 4 0
7 9 3 0
7 10 34 0
8 5 12 0
10 5 17 0
11 5 10 0
mots 1
6 8 6 7
allLettres 21
5 6 24 1
4 6 25 1
3 6 13 1
2 6 4 1
7 7 19 0
8 7 14 0
9 7 19 0
9 6 13 0
9 5 0 0
9 4 19 0
9 8 4 0
8 8 17 0
7 8 20 0
6 8 3 0
7 6 4 0
7 9 3 0
7 10 34 0
8 5 12 0
10 5 17 0
11 5 10 0
6 6 12 0
mots 1
2 8 6 7
allLettres 24
2 5 6 1
2 4 8 1
2 3 5 1
7 7 19 0
8 7 14 0
9 7 19 0
9 6 13 0
9 5 0 0
9 4 19 0
9 8 4 0
8 8 17 0
7 8 20 0
6 8 3 0
7 6 4 0
7 9 3 0
7 10 34 0
8 5 12 0
10 5 17 0
11 5 10 0
6 6 12 0
5 6 24 0
4 6 25 0
3 6 13 0
2 6 4 0
mots 1
2 3 3 7
allLettres 27
1 4 21 1
3 4 4 1
4 4 18 1
7 7 19 0
8 7 14 0
9 7 19 0
9 6 13 0
9 5 0 0
9 4 19 0
9 8 4 0
8 8 17 0
7 8 20 0
6 8 3 0
7 6 4 0
7 9 3 0
7 10 34 0
8 5 12 0
10 5 17 0
11 5 10 0
6 6 12 0
5 6 24 0
4 6 25 0
3 6 13 0
2 6 4 0
2 5 6 0
2 4 8 0
2 3 5 0
mots 1
1 5 4 5
allLettres 30
6 10 6 1
5 10 20 1
4 10 9 1
7 7 19 0
8 7 14 0
9 7 19 0
9 6 13 0
9 5 0 0
9 4 19 0
9 8 4 0
8 8 17 0
7 8 20 0
6 8 3 0
7 6 4 0
7 9 3 0
7 10 34 0
8 5 12 0
10 5 17 0
11 5 10 0
6 6 12 0
5 6 24 0
4 6 25 0
3 6 13 0
2 6 4 0
2 5 6 0
2 4 8 0
2 3 5 0
1 4 21 0
3 4 4 0
4 4 18 0
mots 1
4 8 10 11
allLettres 33
4 3 5 1
4 2 8 1
4 1 15 1
7 7 19 0
8 7 14 0
9 7 19 0
9 6 13 0
9 5 0 0
9 4 19 0
9 8 4 0
8 8 17 0
7 8 20 0
6 8 3 0
7 6 4 0
7 9 3 0
7 10 34 0
8 5 12 0
10 5 17 0
11 5 10 0
6 6 12 0
5 6 24 0
4 6 25 0
3 6 13 0
2 6 4 0
2 5 6 0
2 4 8 0
2 3 5 0
1 4 21 0
3 4 4 0
4 4 18 0
6 10 6 0
5 10 20 0
4 10 9 0
mots 1
4 5 1 5
allLettres 36
3 1 8 1
2 1 11 1
1 1 2 1
7 7 19 0
8 7 14 0
9 7 19 0
9 6 13 0
9 5 0 0
9 4 19 0
9 8 4 0
8 8 17 0
7 8 20 0
6 8 3 0
7 6 4 0
7 9 3 0
7 10 34 0
8 5 12 0
10 5 17 0
11 5 10 0
6 6 12 0
5 6 24 0
4 6 25 0
3 6 13 0
2 6 4 0
2 5 6 0
2 4 8 0
2 3 5 0
1 4 21 0
3 4 4 0
4 4 18 0
6 10 6 0
5 10 20 0
4 10 9 0
4 3 5 0
4 2 8 0
4 1 15 0
mots 1
1 5 1 2
allLettres 37
10 8 4 1
7 7 19 0
8 7 14 0
9 7 19 0
9 6 13 0
9 5 0 0
9 4 19 0
9 8 4 0
8 8 17 0
7 8 20 0
6 8 3 0
7 6 4 0
7 9 3 0
7 10 34 0
8 5 12 0
10 5 17 0
11 5 10 0
6 6 12 0
5 6 24 0
4 6 25 0
3 6 13 0
2 6 4 0
2 5 6 0
2 4 8 0
2 3 5 0
1 4 21 0
3 4 4 0
4 4 18 0
6 10 6 0
5 10 20 0
4 10 9 0
4 3 5 0
4 2 8 0
4 1 15 0
3 1 8 0
2 1 11 0
1 1 2 0
mots 1
6 11 8 9
allLettres 40
11 4 17 1
11 3 0 1
11 2 12 1
7 7 19 0
8 7 14 0
9 7 19 0
9 6 13 0
9 5 0 0
9 4 19 0
9 8 4 0
8 8 17 0
7 8 20 0
6 8 3 0
7 6 4 0
7 9 3 0
7 10 34 0
8 5 12 0
10 5 17 0
11 5 10 0
6 6 12 0
5 6 24 0
4 6 25 0
3 6 13 0
2 6 4 0
2 5 6 0
2 4 8 0
2 3 5 0
1 4 21 0
3 4 4 0
4 4 18 0
6 10 6 0
5 10 20 0
4 10 9 0
4 3 5 0
4 2 8 0
4 1 15 0
3 1 8 0
2 1 11 0
1 1 2 0
10 8 4 0
mots 1
11 12 2 6
allLettres 41
3 0 23 1
7 7 19 0
8 7 14 0
9 7 19 0
9 6 13 0
9 5 0 0
9 4 19 0
9 8 4 0
8 8 17 0
7 8 20 0
6 8 3 0
7 6 4 0
7 9 3 0
7 10 34 0
8 5 12 0
10 5 17 0
11 5 10 0
6 6 12 0
5 6 24 0
4 6 25 0
3 6 13 0
2 6 4 0
2 5 6 0
2 4 8 0
2 3 5 0
1 4 21 0
3 4 4 0
4 4 18 0
6 10 6 0
5 10 20 0
4 10 9 0
4 3 5 0
4 2 8 0
4 1 15 0
3 1 8 0
2 1 11 0
1 1 2 0
10 8 4 0
11 4 17 0
11 3 0 0
11 2 12 0
mots 1
3 4 0 2
allLettres 44
4 11 20 1
4 12 8 1
4 13 13 1
7 7 19 0
8 7 14 0
9 7 19 0
9 6 13 0
9 5 0 0
9 4 19 0
9 8 4 0
8 8 17 0
7 8 20 0
6 8 3 0
7 6 4 0
7 9 3 0
7 10 34 0
8 5 12 0
10 5 17 0
11 5 10 0
6 6 12 0
5 6 24 0
4 6 25 0
3 6 13 0
2 6 4 0
2 5 6 0
2 4 8 0
2 3 5 0
1 4 21 0
3 4 4 0
4 4 18 0
6 10 6 0
5 10 20 0
4 10 9 0
4 3 5 0
4 2 8 0
4 1 15 0
3 1 8 0
2 1 11 0
1 1 2 0
10 8 4 0
11 4 17 0
11 3 0 0
11 2 12 0
3 0 23 0
mots 1
4 5 10 14
allLettres 45
3 11 22 1
7 7 19 0
8 7 14 0
9 7 19 0
9 6 13 0
9 5 0 0
9 4 19 0
9 8 4 0
8 8 17 0
7 8 20 0
6 8 3 0
7 6 4 0
7 9 3 0
7 10 34 0
8 5 12 0
10 5 17 0
11 5 10 0
6 6 12 0
5 6 24 0
4 6 25 0
3 6 13 0
2 6 4 0
2 5 6 0
2 4 8 0
2 3 5 0
1 4 21 0
3 4 4 0
4 4 18 0
6 10 6 0
5 10 20 0
4 10 9 0
4 3 5 0
4 2 8 0
4 1 15 0
3 1 8 0
2 1 11 0
1 1 2 0
10 8 4 0
11 4 17 0
11 3 0 0
11 2 12 0
3 0 23 0
4 11 20 0
4 12 8 0
4 13 13 0
mots 1
3 5 11 12
allLettres 46
10 3 21 1
7 7 19 0
8 7 14 0
9 7 19 0
9 6 13 0
9 5 0 0
9 4 19 0
9 8 4 0
8 8 17 0
7 8 20 0
6 8 3 0
7 6 4 0
7 9 3 0
7 10 34 0
8 5 12 0
10 5 17 0
11 5 10 0
6 6 12 0
5 6 24 0
4 6 25 0
3 6 13 0
2 6 4 0
2 5 6 0
2 4 8 0
2 3 5 0
1 4 21 0
3 4 4 0
4 4 18 0
6 10 6 0
5 10 20 0
4 10 9 0
4 3 5 0
4 2 8 0
4 1 15 0
3 1 8 0
2 1 11 0
1 1 2 0
10 8 4 0
11 4 17 0
11 3 0 0
11 2 12 0
3 0 23 0
4 11 20 0
4 12 8 0
4 13 13 0
3 11 22 0
mots 1
10 12 3 4
allLettres 47
5 9 1 1
7 7 19 0
8 7 14 0
9 7 19 0
9 6 13 0
9 5 0 0
9 4 19 0
9 8 4 0
8 8 17 0
7 8 20 0
6 8 3 0
7 6 4 0
7 9 3 0
7 10 34 0
8 5 12 0
10 5 17 0
11 5 10 0
6 6 12 0
5 6 24 0
4 6 25 0
3 6 13 0
2 6 4 0
2 5 6 0
2 4 8 0
2 3 5 0
1 4 21 0
3 4 4 0
4 4 18 0
6 10 6 0
5 10 20 0
4 10 9 0
4 3 5 0
4 2 8 0
4 1 15 0
3 1 8 0
2 1 11 0
1 1 2 0
10 8 4 0
11 4 17 0
11 3 0 0
11 2 12 0
3 0 23 0
4 11 20 0
4 12 8 0
4 13 13 0
3 11 22 0
10 3 21 0
mots 1
5 6 9 11
allLettres 52
5 13 13 1
3 13 14 1
2 13 18 1
6 13 4 1
7 13 18 1
7 7 19 0
8 7 14 0
9 7 19 0
9 6 13 0
9 5 0 0
9 4 19 0
9 8 4 0
8 8 17 0
7 8 20 0
6 8 3 0
7 6 4 0
7 9 3 0
7 10 34 0
8 5 12 0
10 5 17 0
11 5 10 0
6 6 12 0
5 6 24 0
4 6 25 0
3 6 13 0
2 6 4 0
2 5 6 0
2 4 8 0
2 3 5 0
1 4 21 0
3 4 4 0
4 4 18 0
6 10 6 0
5 10 20 0
4 10 9 0
4 3 5 0
4 2 8 0
4 1 15 0
3 1 8 0
2 1 11 0
1 1 2 0
10 8 4 0
11 4 17 0
11 3 0 0
11 2 12 0
3 0 23 0
4 11 20 0
4 12 8 0
4 13 13 0
3 11 22 0
10 3 21 0
5 9 1 0
mots 1
2 8 13 14
allLettres 53
6 12 3 1
7 7 19 0
8 7 14 0
9 7 19 0
9 6 13 0
9 5 0 0
9 4 19 0
9 8 4 0
8 8 17 0
7 8 20 0
6 8 3 0
7 6 4 0
7 9 3 0
7 10 34 0
8 5 12 0
10 5 17 0
11 5 10 0
6 6 12 0
5 6 24 0
4 6 25 0
3 6 13 0
2 6 4 0
2 5 6 0
2 4 8 0
2 3 5 0
1 4 21 0
3 4 4 0
4 4 18 0
6 10 6 0
5 10 20 0
4 10 9 0
4 3 5 0
4 2 8 0
4 1 15 0
3 1 8 0
2 1 11 0
1 1 2 0
10 8 4 0
11 4 17 0
11 3 0 0
11 2 12 0
3 0 23 0
4 11 20 0
4 12 8 0
4 13 13 0
3 11 22 0
10 3 21 0
5 9 1 0
5 13 13 0
3 13 14 0
2 13 18 0
6 13 4 0
7 13 18 0
mots 1
6 7 12 14
allLettres 54
6 14 1 1
7 7 19 0
8 7 14 0
9 7 19 0
9 6 13 0
9 5 0 0
9 4 19 0
9 8 4 0
8 8 17 0
7 8 20 0
6 8 3 0
7 6 4 0
7 9 3 0
7 10 34 0
8 5 12 0
10 5 17 0
11 5 10 0
6 6 12 0
5 6 24 0
4 6 25 0
3 6 13 0
2 6 4 0
2 5 6 0
2 4 8 0
2 3 5 0
1 4 21 0
3 4 4 0
4 4 18 0
6 10 6 0
5 10 20 0
4 10 9 0
4 3 5 0
4 2 8 0
4 1 15 0
3 1 8 0
2 1 11 0
1 1 2 0
10 8 4 0
11 4 17 0
11 3 0 0
11 2 12 0
3 0 23 0
4 11 20 0
4 12 8 0
4 13 13 0
3 11 22 0
10 3 21 0
5 9 1 0
5 13 13 0
3 13 14 0
2 13 18 0
6 13 4 0
7 13 18 0
6 12 3 0
mots 1
6 7 12 15
allLettres 57
7 14 0 1
8 14 19 1
9 14 4 1
7 7 19 0
8 7 14 0
9 7 19 0
9 6 13 0
9 5 0 0
9 4 19 0
9 8 4 0
8 8 17 0
7 8 20 0
6 8 3 0
7 6 4 0
7 9 3 0
7 10 34 0
8 5 12 0
10 5 17 0
11 5 10 0
6 6 12 0
5 6 24 0
4 6 25 0
3 6 13 0
2 6 4 0
2 5 6 0
2 4 8 0
2 3 5 0
1 4 21 0
3 4 4 0
4 4 18 0
6 10 6 0
5 10 20 0
4 10 9 0
4 3 5 0
4 2 8 0
4 1 15 0
3 1 8 0
2 1 11 0
1 1 2 0
10 8 4 0
11 4 17 0
11 3 0 0
11 2 12 0
3 0 23 0
4 11 20 0
4 12 8 0
4 13 13 0
3 11 22 0
10 3 21 0
5 9 1 0
5 13 13 0
3 13 14 0
2 13 18 0
6 13 4 0
7 13 18 0
6 12 3 0
6 14 1 0
mots 2
6 10 14 15
7 8 13 15
allLettres 58
12 3 13 1
7 7 19 0
8 7 14 0
9 7 19 0
9 6 13 0
9 5 0 0
9 4 19 0
9 8 4 0
8 8 17 0
7 8 20 0
6 8 3 0
7 6 4 0
7 9 3 0
7 10 34 0
8 5 12 0
10 5 17 0
11 5 10 0
6 6 12 0
5 6 24 0
4 6 25 0
3 6 13 0
2 6 4 0
2 5 6 0
2 4 8 0
2 3 5 0
1 4 21 0
3 4 4 0
4 4 18 0
6 10 6 0
5 10 20 0
4 10 9 0
4 3 5 0
4 2 8 0
4 1 15 0
3 1 8 0
2 1 11 0
1 1 2 0
10 8 4 0
11 4 17 0
11 3 0 0
11 2 12 0
3 0 23 0
4 11 20 0
4 12 8 0
4 13 13 0
3 11 22 0
10 3 21 0
5 9 1 0
5 13 13 0
3 13 14 0
2 13 18 0
6 13 4 0
7 13 18 0
6 12 3 0
6 14 1 0
7 14 0 0
8 14 19 0
9 14 4 0
mots 1
10 13 3 4
allLettres 59
10 14 17 1
7 7 19 0
8 7 14 0
9 7 19 0
9 6 13 0
9 5 0 0
9 4 19 0
9 8 4 0
8 8 17 0
7 8 20 0
6 8 3 0
7 6 4 0
7 9 3 0
7 10 34 0
8 5 12 0
10 5 17 0
11 5 10 0
6 6 12 0
5 6 24 0
4 6 25 0
3 6 13 0
2 6 4 0
2 5 6 0
2 4 8 0
2 3 5 0
1 4 21 0
3 4 4 0
4 4 18 0
6 10 6 0
5 10 20 0
4 10 9 0
4 3 5 0
4 2 8 0
4 1 15 0
3 1 8 0
2 1 11 0
1 1 2 0
10 8 4 0
11 4 17 0
11 3 0 0
11 2 12 0
3 0 23 0
4 11 20 0
4 12 8 0
4 13 13 0
3 11 22 0
10 3 21 0
5 9 1 0
5 13 13 0
3 13 14 0
2 13 18 0
6 13 4 0
7 13 18 0
6 12 3 0
6 14 1 0
7 14 0 0
8 14 19 0
9 14 4 0
12 3 13 0
mots 1
6 11 14 15
allLettres 60
11 8 48 1
7 7 19 0
8 7 14 0
9 7 19 0
9 6 13 0
9 5 0 0
9 4 19 0
9 8 4 0
8 8 17 0
7 8 20 0
6 8 3 0
7 6 4 0
7 9 3 0
7 10 34 0
8 5 12 0
10 5 17 0
11 5 10 0
6 6 12 0
5 6 24 0
4 6 25 0
3 6 13 0
2 6 4 0
2 5 6 0
2 4 8 0
2 3 5 0
1 4 21 0
3 4 4 0
4 4 18 0
6 10 6 0
5 10 20 0
4 10 9 0
4 3 5 0
4 2 8 0
4 1 15 0
3 1 8 0
2 1 11 0
1 1 2 0
10 8 4 0
11 4 17 0
11 3 0 0
11 2 12 0
3 0 23 0
4 11 20 0
4 12 8 0
4 13 13 0
3 11 22 0
10 3 21 0
5 9 1 0
5 13 13 0
3 13 14 0
2 13 18 0
6 13 4 0
7 13 18 0
6 12 3 0
6 14 1 0
7 14 0 0
8 14 19 0
9 14 4 0
12 3 13 0
10 14 17 0
mots 1
6 12 8 9
allLettres 62
11 9 0 1
11 10 11 1
7 7 19 0
8 7 14 0
9 7 19 0
9 6 13 0
9 5 0 0
9 4 19 0
9 8 4 0
8 8 17 0
7 8 20 0
6 8 3 0
7 6 4 0
7 9 3 0
7 10 34 0
8 5 12 0
10 5 17 0
11 5 10 0
6 6 12 0
5 6 24 0
4 6 25 0
3 6 13 0
2 6 4 0
2 5 6 0
2 4 8 0
2 3 5 0
1 4 21 0
3 4 4 0
4 4 18 0
6 10 6 0
5 10 20 0
4 10 9 0
4 3 5 0
4 2 8 0
4 1 15 0
3 1 8 0
2 1 11 0
1 1 2 0
10 8 4 0
11 4 17 0
11 3 0 0
11 2 12 0
3 0 23 0
4 11 20 0
4 12 8 0
4 13 13 0
3 11 22 0
10 3 21 0
5 9 1 0
5 13 13 0
3 13 14 0
2 13 18 0
6 13 4 0
7 13 18 0
6 12 3 0
6 14 1 0
7 14 0 0
8 14 19 0
9 14 4 0
12 3 13 0
10 14 17 0
11 8 48 0
mots 1
11 12 8 11
allLettres 65
11 11 11 1
11 12 4 1
11 13 18 1
7 7 19 0
8 7 14 0
9 7 19 0
9 6 13 0
9 5 0 0
9 4 19 0
9 8 4 0
8 8 17 0
7 8 20 0
6 8 3 0
7 6 4 0
7 9 3 0
7 10 34 0
8 5 12 0
10 5 17 0
11 5 10 0
6 6 12 0
5 6 24 0
4 6 25 0
3 6 13 0
2 6 4 0
2 5 6 0
2 4 8 0
2 3 5 0
1 4 21 0
3 4 4 0
4 4 18 0
6 10 6 0
5 10 20 0
4 10 9 0
4 3 5 0
4 2 8 0
4 1 15 0
3 1 8 0
2 1 11 0
1 1 2 0
10 8 4 0
11 4 17 0
11 3 0 0
11 2 12 0
3 0 23 0
4 11 20 0
4 12 8 0
4 13 13 0
3 11 22 0
10 3 21 0
5 9 1 0
5 13 13 0
3 13 14 0
2 13 18 0
6 13 4 0
7 13 18 0
6 12 3 0
6 14 1 0
7 14 0 0
8 14 19 0
9 14 4 0
12 3 13 0
10 14 17 0
11 8 48 0
11 9 0 0
11 10 11 0
mots 1
11 12 8 14
allLettres 66
9 13 7 1
7 7 19 0
8 7 14 0
9 7 19 0
9 6 13 0
9 5 0 0
9 4 19 0
9 8 4 0
8 8 17 0
7 8 20 0
6 8 3 0
7 6 4 0
7 9 3 0
7 10 34 0
8 5 12 0
10 5 17 0
11 5 10 0
6 6 12 0
5 6 24 0
4 6 25 0
3 6 13 0
2 6 4 0
2 5 6 0
2 4 8 0
2 3 5 0
1 4 21 0
3 4 4 0
4 4 18 0
6 10 6 0
5 10 20 0
4 10 9 0
4 3 5 0
4 2 8 0
4 1 15 0
3 1 8 0
2 1 11 0
1 1 2 0
10 8 4 0
11 4 17 0
11 3 0 0
11 2 12 0
3 0 23 0
4 11 20 0
4 12 8 0
4 13 13 0
3 11 22 0
10 3 21 0
5 9 1 0
5 13 13 0
3 13 14 0
2 13 18 0
6 13 4 0
7 13 18 0
6 12 3 0
6 14 1 0
7 14 0 0
8 14 19 0
9 14 4 0
12 3 13 0
10 14 17 0
11 8 48 0
11 9 0 0
11 10 11 0
11 11 11 0
11 12 4 0
11 13 18 0
mots 1
9 10 13 15
allLettres 67
10 9 18 1
7 7 19 0
8 7 14 0
9 7 19 0
9 6 13 0
9 5 0 0
9 4 19 0
9 8 4 0
8 8 17 0
7 8 20 0
6 8 3 0
7 6 4 0
7 9 3 0
7 10 34 0
8 5 12 0
10 5 17 0
11 5 10 0
6 6 12 0
5 6 24 0
4 6 25 0
3 6 13 0
2 6 4 0
2 5 6 0
2 4 8 0
2 3 5 0
1 4 21 0
3 4 4 0
4 4 18 0
6 10 6 0
5 10 20 0
4 10 9 0
4 3 5 0
4 2 8 0
4 1 15 0
3 1 8 0
2 1 11 0
1 1 2 0
10 8 4 0
11 4 17 0
11 3 0 0
11 2 12 0
3 0 23 0
4 11 20 0
4 12 8 0
4 13 13 0
3 11 22 0
10 3 21 0
5 9 1 0
5 13 13 0
3 13 14 0
2 13 18 0
6 13 4 0
7 13 18 0
6 12 3 0
6 14 1 0
7 14 0 0
8 14 19 0
9 14 4 0
12 3 13 0
10 14 17 0
11 8 48 0
11 9 0 0
11 10 11 0
11 11 11 0
11 12 4 0
11 13 18 0
9 13 7 0
mots 2
10 12 9 10
10 11 8 10
allLettres 70
12 9 15 1
13 9 4 1
14 9 4 1
7 7 19 0
8 7 14 0
9 7 19 0
9 6 13 0
9 5 0 0
9 4 19 0
9 8 4 0
8 8 17 0
7 8 20 0
6 8 3 0
7 6 4 0
7 9 3 0
7 10 34 0
8 5 12 0
10 5 17 0
11 5 10 0
6 6 12 0
5 6 24 0
4 6 25 0
3 6 13 0
2 6 4 0
2 5 6 0
2 4 8 0
2 3 5 0
1 4 21 0
3 4 4 0
4 4 18 0
6 10 6 0
5 10 20 0
4 10 9 0
4 3 5 0
4 2 8 0
4 1 15 0
3 1 8 0
2 1 11 0
1 1 2 0
10 8 4 0
11 4 17 0
11 3 0 0
11 2 12 0
3 0 23 0
4 11 20 0
4 12 8 0
4 13 13 0
3 11 22 0
10 3 21 0
5 9 1 0
5 13 13 0
3 13 14 0
2 13 18 0
6 13 4 0
7 13 18 0
6 12 3 0
6 14 1 0
7 14 0 0
8 14 19 0
9 14 4 0
12 3 13 0
10 14 17 0
11 8 48 0
11 9 0 0
11 10 11 0
11 11 11 0
11 12 4 0
11 13 18 0
9 13 7 0
10 9 18 0
mots 1
10 15 9 10
allLettres 71
3 14 17 1
7 7 19 0
8 7 14 0
9 7 19 0
9 6 13 0
9 5 0 0
9 4 19 0
9 8 4 0
8 8 17 0
7 8 20 0
6 8 3 0
7 6 4 0
7 9 3 0
7 10 34 0
8 5 12 0
10 5 17 0
11 5 10 0
6 6 12 0
5 6 24 0
4 6 25 0
3 6 13 0
2 6 4 0
2 5 6 0
2 4 8 0
2 3 5 0
1 4 21 0
3 4 4 0
4 4 18 0
6 10 6 0
5 10 20 0
4 10 9 0
4 3 5 0
4 2 8 0
4 1 15 0
3 1 8 0
2 1 11 0
1 1 2 0
10 8 4 0
11 4 17 0
11 3 0 0
11 2 12 0
3 0 23 0
4 11 20 0
4 12 8 0
4 13 13 0
3 11 22 0
10 3 21 0
5 9 1 0
5 13 13 0
3 13 14 0
2 13 18 0
6 13 4 0
7 13 18 0
6 12 3 0
6 14 1 0
7 14 0 0
8 14 19 0
9 14 4 0
12 3 13 0
10 14 17 0
11 8 48 0
11 9 0 0
11 10 11 0
11 11 11 0
11 12 4 0
11 13 18 0
9 13 7 0
10 9 18 0
12 9 15 0
13 9 4 0
14 9 4 0
mots 1
3 4 13 15
allLettres 75
14 8 18 1
14 7 8 1
14 6 0 1
14 5 19 1
7 7 19 0
8 7 14 0
9 7 19 0
9 6 13 0
9 5 0 0
9 4 19 0
9 8 4 0
8 8 17 0
7 8 20 0
6 8 3 0
7 6 4 0
7 9 3 0
7 10 34 0
8 5 12 0
10 5 17 0
11 5 10 0
6 6 12 0
5 6 24 0
4 6 25 0
3 6 13 0
2 6 4 0
2 5 6 0
2 4 8 0
2 3 5 0
1 4 21 0
3 4 4 0
4 4 18 0
6 10 6 0
5 10 20 0
4 10 9 0
4 3 5 0
4 2 8 0
4 1 15 0
3 1 8 0
2 1 11 0
1 1 2 0
10 8 4 0
11 4 17 0
11 3 0 0
11 2 12 0
3 0 23 0
4 11 20 0
4 12 8 0
4 13 13 0
3 11 22 0
10 3 21 0
5 9 1 0
5 13 13 0
3 13 14 0
2 13 18 0
6 13 4 0
7 13 18 0
6 12 3 0
6 14 1 0
7 14 0 0
8 14 19 0
9 14 4 0
12 3 13 0
10 14 17 0
11 8 48 0
11 9 0 0
11 10 11 0
11 11 11 0
11 12 4 0
11 13 18 0
9 13 7 0
10 9 18 0
12 9 15 0
13 9 4 0
14 9 4 0
3 14 17 0
mots 1
14 15 5 10
allLettres 77
13 6 19 1
13 5 4 1
7 7 19 0
8 7 14 0
9 7 19 0
9 6 13 0
9 5 0 0
9 4 19 0
9 8 4 0
8 8 17 0
7 8 20 0
6 8 3 0
7 6 4 0
7 9 3 0
7 10 34 0
8 5 12 0
10 5 17 0
11 5 10 0
6 6 12 0
5 6 24 0
4 6 25 0
3 6 13 0
2 6 4 0
2 5 6 0
2 4 8 0
2 3 5 0
1 4 21 0
3 4 4 0
4 4 18 0
6 10 6 0
5 10 20 0
4 10 9 0
4 3 5 0
4 2 8 0
4 1 15 0
3 1 8 0
2 1 11 0
1 1 2 0
10 8 4 0
11 4 17 0
11 3 0 0
11 2 12 0
3 0 23 0
4 11 20 0
4 12 8 0
4 13 13 0
3 11 22 0
10 3 21 0
5 9 1 0
5 13 13 0
3 13 14 0
2 13 18 0
6 13 4 0
7 13 18 0
6 12 3 0
6 14 1 0
7 14 0 0
8 14 19 0
9 14 4 0
12 3 13 0
10 14 17 0
11 8 48 0
11 9 0 0
11 10 11 0
11 11 11 0
11 12 4 0
11 13 18 0
9 13 7 0
10 9 18 0
12 9 15 0
13 9 4 0
14 9 4 0
3 14 17 0
14 8 18 0
14 7 8 0
14 6 0 0
14 5 19 0
mots 3
13 15 6 7
13 14 5 7
13 15 5 6
allLettres 78
13 4 13 1
7 7 19 0
8 7 14 0
9 7 19 0
9 6 13 0
9 5 0 0
9 4 19 0
9 8 4 0
8 8 17 0
7 8 20 0
6 8 3 0
7 6 4 0
7 9 3 0
7 10 34 0
8 5 12 0
10 5 17 0
11 5 10 0
6 6 12 0
5 6 24 0
4 6 25 0
3 6 13 0
2 6 4 0
2 5 6 0
2 4 8 0
2 3 5 0
1 4 21 0
3 4 4 0
4 4 18 0
6 10 6 0
5 10 20 0
4 10 9 0
4 3 5 0
4 2 8 0
4 1 15 0
3 1 8 0
2 1 11 0
1 1 2 0
10 8 4 0
11 4 17 0
11 3 0 0
11 2 12 0
3 0 23 0
4 11 20 0
4 12 8 0
4 13 13 0
3 11 22 0
10 3 21 0
5 9 1 0
5 13 13 0
3 13 14 0
2 13 18 0
6 13 4 0
7 13 18 0
6 12 3 0
6 14 1 0
7 14 0 0
8 14 19 0
9 14 4 0
12 3 13 0
10 14 17 0
11 8 48 0
11 9 0 0
11 10 11 0
11 11 11 0
11 12 4 0
11 13 18 0
9 13 7 0
10 9 18 0
12 9 15 0
13 9 4 0
14 9 4 0
3 14 17 0
14 8 18 0
14 7 8 0
14 6 0 0
14 5 19 0
13 6 19 0
13 5 4 0
mots 1
13 14 4 7
allLettres 79
2 12 0 1
7 7 19 0
8 7 14 0
9 7 19 0
9 6 13 0
9 5 0 0
9 4 19 0
9 8 4 0
8 8 17 0
7 8 20 0
6 8 3 0
7 6 4 0
7 9 3 0
7 10 34 0
8 5 12 0
10 5 17 0
11 5 10 0
6 6 12 0
5 6 24 0
4 6 25 0
3 6 13 0
2 6 4 0
2 5 6 0
2 4 8 0
2 3 5 0
1 4 21 0
3 4 4 0
4 4 18 0
6 10 6 0
5 10 20 0
4 10 9 0
4 3 5 0
4 2 8 0
4 1 15 0
3 1 8 0
2 1 11 0
1 1 2 0
10 8 4 0
11 4 17 0
11 3 0 0
11 2 12 0
3 0 23 0
4 11 20 0
4 12 8 0
4 13 13 0
3 11 22 0
10 3 21 0
5 9 1 0
5 13 13 0
3 13 14 0
2 13 18 0
6 13 4 0
7 13 18 0
6 12 3 0
6 14 1 0
7 14 0 0
8 14 19 0
9 14 4 0
12 3 13 0
10 14 17 0
11 8 48 0
11 9 0 0
11 10 11 0
11 11 11 0
11 12 4 0
11 13 18 0
9 13 7 0
10 9 18 0
12 9 15 0
13 9 4 0
14 9 4 0
3 14 17 0
14 8 18 0
14 7 8 0
14 6 0 0
14 5 19 0
13 6 19 0
13 5 4 0
13 4 13 0
mots 1
2 3 12 14
allLettres 80
1 12 17 1
7 7 19 0
8 7 14 0
9 7 19 0
9 6 13 0
9 5 0 0
9 4 19 0
9 8 4 0
8 8 17 0
7 8 20 0
6 8 3 0
7 6 4 0
7 9 3 0
7 10 34 0
8 5 12 0
10 5 17 0
11 5 10 0
6 6 12 0
5 6 24 0
4 6 25 0
3 6 13 0
2 6 4 0
2 5 6 0
2 4 8 0
2 3 5 0
1 4 21 0
3 4 4 0
4 4 18 0
6 10 6 0
5 10 20 0
4 10 9 0
4 3 5 0
4 2 8 0
4 1 15 0
3 1 8 0
2 1 11 0
1 1 2 0
10 8 4 0
11 4 17 0
11 3 0 0
11 2 12 0
3 0 23 0
4 11 20 0
4 12 8 0
4 13 13 0
3 11 22 0
10 3 21 0
5 9 1 0
5 13 13 0
3 13 14 0
2 13 18 0
6 13 4 0
7 13 18 0
6 12 3 0
6 14 1 0
7 14 0 0
8 14 19 0
9 14 4 0
12 3 13 0
10 14 17 0
11 8 48 0
11 9 0 0
11 10 11 0
11 11 11 0
11 12 4 0
11 13 18 0
9 13 7 0
10 9 18 0
12 9 15 0
13 9 4 0
14 9 4 0
3 14 17 0
14 8 18 0
14 7 8 0
14 6 0 0
14 5 19 0
13 6 19 0
13 5 4 0
13 4 13 0
2 12 0 0
mots 1
1 3 12 13
allLettres 81
12 2 4 1
7 7 19 0
8 7 14 0
9 7 19 0
9 6 13 0
9 5 0 0
9 4 19 0
9 8 4 0
8 8 17 0
7 8 20 0
6 8 3 0
7 6 4 0
7 9 3 0
7 10 34 0
8 5 12 0
10 5 17 0
11 5 10 0
6 6 12 0
5 6 24 0
4 6 25 0
3 6 13 0
2 6 4 0
2 5 6 0
2 4 8 0
2 3 5 0
1 4 21 0
3 4 4 0
4 4 18 0
6 10 6 0
5 10 20 0
4 10 9 0
4 3 5 0
4 2 8 0
4 1 15 0
3 1 8 0
2 1 11 0
1 1 2 0
10 8 4 0
11 4 17 0
11 3 0 0
11 2 12 0
3 0 23 0
4 11 20 0
4 12 8 0
4 13 13 0
3 11 22 0
10 3 21 0
5 9 1 0
5 13 13 0
3 13 14 0
2 13 18 0
6 13 4 0
7 13 18 0
6 12 3 0
6 14 1 0
7 14 0 0
8 14 19 0
9 14 4 0
12 3 13 0
10 14 17 0
11 8 48 0
11 9 0 0
11 10 11 0
11 11 11 0
11 12 4 0
11 13 18 0
9 13 7 0
10 9 18 0
12 9 15 0
13 9 4 0
14 9 4 0
3 14 17 0
14 8 18 0
14 7 8 0
14 6 0 0
14 5 19 0
13 6 19 0
13 5 4 0
13 4 13 0
2 12 0 0
1 12 17 0
mots 2
11 13 2 3
12 13 2 4
allLettres 84
12 13 14 1
13 13 20 1
14 13 11 1
7 7 19 0
8 7 14 0
9 7 19 0
9 6 13 0
9 5 0 0
9 4 19 0
9 8 4 0
8 8 17 0
7 8 20 0
6 8 3 0
7 6 4 0
7 9 3 0
7 10 34 0
8 5 12 0
10 5 17 0
11 5 10 0
6 6 12 0
5 6 24 0
4 6 25 0
3 6 13 0
2 6 4 0
2 5 6 0
2 4 8 0
2 3 5 0
1 4 21 0
3 4 4 0
4 4 18 0
6 10 6 0
5 10 20 0
4 10 9 0
4 3 5 0
4 2 8 0
4 1 15 0
3 1 8 0
2 1 11 0
1 1 2 0
10 8 4 0
11 4 17 0
11 3 0 0
11 2 12 0
3 0 23 0
4 11 20 0
4 12 8 0
4 13 13 0
3 11 22 0
10 3 21 0
5 9 1 0
5 13 13 0
3 13 14 0
2 13 18 0
6 13 4 0
7 13 18 0
6 12 3 0
6 14 1 0
7 14 0 0
8 14 19 0
9 14 4 0
12 3 13 0
10 14 17 0
11 8 48 0
11 9 0 0
11 10 11 0
11 11 11 0
11 12 4 0
11 13 18 0
9 13 7 0
10 9 18 0
12 9 15 0
13 9 4 0
14 9 4 0
3 14 17 0
14 8 18 0
14 7 8 0
14 6 0 0
14 5 19 0
13 6 19 0
13 5 4 0
13 4 13 0
2 12 0 0
1 12 17 0
12 2 4 0
mots 1
11 15 13 14
allLettres 86
13 12 16 1
13 14 4 1
7 7 19 0
8 7 14 0
9 7 19 0
9 6 13 0
9 5 0 0
9 4 19 0
9 8 4 0
8 8 17 0
7 8 20 0
6 8 3 0
7 6 4 0
7 9 3 0
7 10 34 0
8 5 12 0
10 5 17 0
11 5 10 0
6 6 12 0
5 6 24 0
4 6 25 0
3 6 13 0
2 6 4 0
2 5 6 0
2 4 8 0
2 3 5 0
1 4 21 0
3 4 4 0
4 4 18 0
6 10 6 0
5 10 20 0
4 10 9 0
4 3 5 0
4 2 8 0
4 1 15 0
3 1 8 0
2 1 11 0
1 1 2 0
10 8 4 0
11 4 17 0
11 3 0 0
11 2 12 0
3 0 23 0
4 11 20 0
4 12 8 0
4 13 13 0
3 11 22 0
10 3 21 0
5 9 1 0
5 13 13 0
3 13 14 0
2 13 18 0
6 13 4 0
7 13 18 0
6 12 3 0
6 14 1 0
7 14 0 0
8 14 19 0
9 14 4 0
12 3 13 0
10 14 17 0
11 8 48 0
11 9 0 0
11 10 11 0
11 11 11 0
11 12 4 0
11 13 18 0
9 13 7 0
10 9 18 0
12 9 15 0
13 9 4 0
14 9 4 0
3 14 17 0
14 8 18 0
14 7 8 0
14 6 0 0
14 5 19 0
13 6 19 0
13 5 4 0
13 4 13 0
2 12 0 0
1 12 17 0
12 2 4 0
12 13 14 0
13 13 20 0
14 13 11 0
mots 1
13 14 12 15
allLettres 89
9 12 2 1
9 11 0 1
9 10 11 1
7 7 19 0
8 7 14 0
9 7 19 0
9 6 13 0
9 5 0 0
9 4 19 0
9 8 4 0
8 8 17 0
7 8 20 0
6 8 3 0
7 6 4 0
7 9 3 0
7 10 34 0
8 5 12 0
10 5 17 0
11 5 10 0
6 6 12 0
5 6 24 0
4 6 25 0
3 6 13 0
2 6 4 0
2 5 6 0
2 4 8 0
2 3 5 0
1 4 21 0
3 4 4 0
4 4 18 0
6 10 6 0
5 10 20 0
4 10 9 0
4 3 5 0
4 2 8 0
4 1 15 0
3 1 8 0
2 1 11 0
1 1 2 0
10 8 4 0
11 4 17 0
11 3 0 0
11 2 12 0
3 0 23 0
4 11 20 0
4 12 8 0
4 13 13 0
3 11 22 0
10 3 21 0
5 9 1 0
5 13 13 0
3 13 14 0
2 13 18 0
6 13 4 0
7 13 18 0
6 12 3 0
6 14 1 0
7 14 0 0
8 14 19 0
9 14 4 0
12 3 13 0
10 14 17 0
11 8 48 0
11 9 0 0
11 10 11 0
11 11 11 0
11 12 4 0
11 13 18 0
9 13 7 0
10 9 18 0
12 9 15 0
13 9 4 0
14 9 4 0
3 14 17 0
14 8 18 0
14 7 8 0
14 6 0 0
14 5 19 0
13 6 19 0
13 5 4 0
13 4 13 0
2 12 0 0
1 12 17 0
12 2 4 0
12 13 14 0
13 13 20 0
14 13 11 0
13 12 16 0
13 14 4 0
mots 1
9 10 10 15
allLettres 90
1 11 14 1
7 7 19 0
8 7 14 0
9 7 19 0
9 6 13 0
9 5 0 0
9 4 19 0
9 8 4 0
8 8 17 0
7 8 20 0
6 8 3 0
7 6 4 0
7 9 3 0
7 10 34 0
8 5 12 0
10 5 17 0
11 5 10 0
6 6 12 0
5 6 24 0
4 6 25 0
3 6 13 0
2 6 4 0
2 5 6 0
2 4 8 0
2 3 5 0
1 4 21 0
3 4 4 0
4 4 18 0
6 10 6 0
5 10 20 0
4 10 9 0
4 3 5 0
4 2 8 0
4 1 15 0
3 1 8 0
2 1 11 0
1 1 2 0
10 8 4 0
11 4 17 0
11 3 0 0
11 2 12 0
3 0 23 0
4 11 20 0
4 12 8 0
4 13 13 0
3 11 22 0
10 3 21 0
5 9 1 0
5 13 13 0
3 13 14 0
2 13 18 0
6 13 4 0
7 13 18 0
6 12 3 0
6 14 1 0
7 14 0 0
8 14 19 0
9 14 4 0
12 3 13 0
10 14 17 0
11 8 48 0
11 9 0 0
11 10 11 0
11 11 11 0
11 12 4 0
11 13 18 0
9 13 7 0
10 9 18 0
12 9 15 0
13 9 4 0
14 9 4 0
3 14 17 0
14 8 18 0
14 7 8 0
14 6 0 0
14 5 19 0
13 6 19 0
13 5 4 0
13 4 13 0
2 12 0 0
1 12 17 0
12 2 4 0
12 13 14 0
13 13 20 0
14 13 11 0
13 12 16 0
13 14 4 0
9 12 2 0
9 11 0 0
9 10 11 0
mots 1
1 2 11 13
allLettres 91
0 12 8 1
7 7 19 0
8 7 14 0
9 7 19 0
9 6 13 0
9 5 0 0
9 4 19 0
9 8 4 0
8 8 17 0
7 8 20 0
6 8 3 0
7 6 4 0
7 9 3 0
7 10 34 0
8 5 12 0
10 5 17 0
11 5 10 0
6 6 12 0
5 6 24 0
4 6 25 0
3 6 13 0
2 6 4 0
2 5 6 0
2 4 8 0
2 3 5 0
1 4 21 0
3 4 4 0
4 4 18 0
6 10 6 0
5 10 20 0
4 10 9 0
4 3 5 0
4 2 8 0
4 1 15 0
3 1 8 0
2 1 11 0
1 1 2 0
10 8 4 0
11 4 17 0
11 3 0 0
11 2 12 0
3 0 23 0
4 11 20 0
4 12 8 0
4 13 13 0
3 11 22 0
10 3 21 0
5 9 1 0
5 13 13 0
3 13 14 0
2 13 18 0
6 13 4 0
7 13 18 0
6 12 3 0
6 14 1 0
7 14 0 0
8 14 19 0
9 14 4 0
12 3 13 0
10 14 17 0
11 8 48 0
11 9 0 0
11 10 11 0
11 11 11 0
11 12 4 0
11 13 18 0
9 13 7 0
10 9 18 0
12 9 15 0
13 9 4 0
14 9 4 0
3 14 17 0
14 8 18 0
14 7 8 0
14 6 0 0
14 5 19 0
13 6 19 0
13 5 4 0
13 4 13 0
2 12 0 0
1 12 17 0
12 2 4 0
12 13 14 0
13 13 20 0
14 13 11 0
13 12 16 0
13 14 4 0
9 12 2 0
9 11 0 0
9 10 11 0
1 11 14 0
mots 1
0 3 12 13
allLettres 92
1 2 0 1
7 7 19 0
8 7 14 0
9 7 19 0
9 6 13 0
9 5 0 0
9 4 19 0
9 8 4 0
8 8 17 0
7 8 20 0
6 8 3 0
7 6 4 0
7 9 3 0
7 10 34 0
8 5 12 0
10 5 17 0
11 5 10 0
6 6 12 0
5 6 24 0
4 6 25 0
3 6 13 0
2 6 4 0
2 5 6 0
2 4 8 0
2 3 5 0
1 4 21 0
3 4 4 0
4 4 18 0
6 10 6 0
5 10 20 0
4 10 9 0
4 3 5 0
4 2 8 0
4 1 15 0
3 1 8 0
2 1 11 0
1 1 2 0
10 8 4 0
11 4 17 0
11 3 0 0
11 2 12 0
3 0 23 0
4 11 20 0
4 12 8 0
4 13 13 0
3 11 22 0
10 3 21 0
5 9 1 0
5 13 13 0
3 13 14 0
2 13 18 0
6 13 4 0
7 13 18 0
6 12 3 0
6 14 1 0
7 14 0 0
8 14 19 0
9 14 4 0
12 3 13 0
10 14 17 0
11 8 48 0
11 9 0 0
11 10 11 0
11 11 11 0
11 12 4 0
11 13 18 0
9 13 7 0
10 9 18 0
12 9 15 0
13 9 4 0
14 9 4 0
3 14 17 0
14 8 18 0
14 7 8 0
14 6 0 0
14 5 19 0
13 6 19 0
13 5 4 0
13 4 13 0
2 12 0 0
1 12 17 0
12 2 4 0
12 13 14 0
13 13 20 0
14 13 11 0
13 12 16 0
13 14 4 0
9 12 2 0
9 11 0 0
9 10 11 0
1 11 14 0
0 12 8 0
mots 1
1 2 1 3
allLettres 93
8 11 7 1
7 7 19 0
8 7 14 0
9 7 19 0
9 6 13 0
9 5 0 0
9 4 19 0
9 8 4 0
8 8 17 0
7 8 20 0
6 8 3 0
7 6 4 0
7 9 3 0
7 10 34 0
8 5 12 0
10 5 17 0
11 5 10 0
6 6 12 0
5 6 24 0
4 6 25 0
3 6 13 0
2 6 4 0
2 5 6 0
2 4 8 0
2 3 5 0
1 4 21 0
3 4 4 0
4 4 18 0
6 10 6 0
5 10 20 0
4 10 9 0
4 3 5 0
4 2 8 0
4 1 15 0
3 1 8 0
2 1 11 0
1 1 2 0
10 8 4 0
11 4 17 0
11 3 0 0
11 2 12 0
3 0 23 0
4 11 20 0
4 12 8 0
4 13 13 0
3 11 22 0
10 3 21 0
5 9 1 0
5 13 13 0
3 13 14 0
2 13 18 0
6 13 4 0
7 13 18 0
6 12 3 0
6 14 1 0
7 14 0 0
8 14 19 0
9 14 4 0
12 3 13 0
10 14 17 0
11 8 48 0
11 9 0 0
11 10 11 0
11 11 11 0
11 12 4 0
11 13 18 0
9 13 7 0
10 9 18 0
12 9 15 0
13 9 4 0
14 9 4 0
3 14 17 0
14 8 18 0
14 7 8 0
14 6 0 0
14 5 19 0
13 6 19 0
13 5 4 0
13 4 13 0
2 12 0 0
1 12 17 0
12 2 4 0
12 13 14 0
13 13 20 0
14 13 11 0
13 12 16 0
13 14 4 0
9 12 2 0
9 11 0 0
9 10 11 0
1 11 14 0
0 12 8 0
1 2 0 0
mots 1
8 10 11 12
allLettres 94
12 11 4 1
7 7 19 0
8 7 14 0
9 7 19 0
9 6 13 0
9 5 0 0
9 4 19 0
9 8 4 0
8 8 17 0
7 8 20 0
6 8 3 0
7 6 4 0
7 9 3 0
7 10 34 0
8 5 12 0
10 5 17 0
11 5 10 0
6 6 12 0
5 6 24 0
4 6 25 0
3 6 13 0
2 6 4 0
2 5 6 0
2 4 8 0
2 3 5 0
1 4 21 0
3 4 4 0
4 4 18 0
6 10 6 0
5 10 20 0
4 10 9 0
4 3 5 0
4 2 8 0
4 1 15 0
3 1 8 0
2 1 11 0
1 1 2 0
10 8 4 0
11 4 17 0
11 3 0 0
11 2 12 0
3 0 23 0
4 11 20 0
4 12 8 0
4 13 13 0
3 11 22 0
10 3 21 0
5 9 1 0
5 13 13 0
3 13 14 0
2 13 18 0
6 13 4 0
7 13 18 0
6 12 3 0
6 14 1 0
7 14 0 0
8 14 19 0
9 14 4 0
12 3 13 0
10 14 17 0
11 8 48 0
11 9 0 0
11 10 11 0
11 11 11 0
11 12 4 0
11 13 18 0
9 13 7 0
10 9 18 0
12 9 15 0
13 9 4 0
14 9 4 0
3 14 17 0
14 8 18 0
14 7 8 0
14 6 0 0
14 5 19 0
13 6 19 0
13 5 4 0
13 4 13 0
2 12 0 0
1 12 17 0
12 2 4 0
12 13 14 0
13 13 20 0
14 13 11 0
13 12 16 0
13 14 4 0
9 12 2 0
9 11 0 0
9 10 11 0
1 11 14 0
0 12 8 0
1 2 0 0
8 11 7 0
mots 1
11 13 11 12
allLettres 96
5 3 8 1
6 3 0 1
7 7 19 0
8 7 14 0
9 7 19 0
9 6 13 0
9 5 0 0
9 4 19 0
9 8 4 0
8 8 17 0
7 8 20 0
6 8 3 0
7 6 4 0
7 9 3 0
7 10 34 0
8 5 12 0
10 5 17 0
11 5 10 0
6 6 12 0
5 6 24 0
4 6 25 0
3 6 13 0
2 6 4 0
2 5 6 0
2 4 8 0
2 3 5 0
1 4 21 0
3 4 4 0
4 4 18 0
6 10 6 0
5 10 20 0
4 10 9 0
4 3 5 0
4 2 8 0
4 1 15 0
3 1 8 0
2 1 11 0
1 1 2 0
10 8 4 0
11 4 17 0
11 3 0 0
11 2 12 0
3 0 23 0
4 11 20 0
4 12 8 0
4 13 13 0
3 11 22 0
10 3 21 0
5 9 1 0
5 13 13 0
3 13 14 0
2 13 18 0
6 13 4 0
7 13 18 0
6 12 3 0
6 14 1 0
7 14 0 0
8 14 19 0
9 14 4 0
12 3 13 0
10 14 17 0
11 8 48 0
11 9 0 0
11 10 11 0
11 11 11 0
11 12 4 0
11 13 18 0
9 13 7 0
10 9 18 0
12 9 15 0
13 9 4 0
14 9 4 0
3 14 17 0
14 8 18 0
14 7 8 0
14 6 0 0
14 5 19 0
13 6 19 0
13 5 4 0
13 4 13 0
2 12 0 0
1 12 17 0
12 2 4 0
12 13 14 0
13 13 20 0
14 13 11 0
13 12 16 0
13 14 4 0
9 12 2 0
9 11 0 0
9 10 11 0
1 11 14 0
0 12 8 0
1 2 0 0
8 11 7 0
12 11 4 0
mots 1
4 7 3 4
allLettres 98
3 7 20 1
3 8 8 1
7 7 19 0
8 7 14 0
9 7 19 0
9 6 13 0
9 5 0 0
9 4 19 0
9 8 4 0
8 8 17 0
7 8 20 0
6 8 3 0
7 6 4 0
7 9 3 0
7 10 34 0
8 5 12 0
10 5 17 0
11 5 10 0
6 6 12 0
5 6 24 0
4 6 25 0
3 6 13 0
2 6 4 0
2 5 6 0
2 4 8 0
2 3 5 0
1 4 21 0
3 4 4 0
4 4 18 0
6 10 6 0
5 10 20 0
4 10 9 0
4 3 5 0
4 2 8 0
4 1 15 0
3 1 8 0
2 1 11 0
1 1 2 0
10 8 4 0
11 4 17 0
11 3 0 0
11 2 12 0
3 0 23 0
4 11 20 0
4 12 8 0
4 13 13 0
3 11 22 0
10 3 21 0
5 9 1 0
5 13 13 0
3 13 14 0
2 13 18 0
6 13 4 0
7 13 18 0
6 12 3 0
6 14 1 0
7 14 0 0
8 14 19 0
9 14 4 0
12 3 13 0
10 14 17 0
11 8 48 0
11 9 0 0
11 10 11 0
11 11 11 0
11 12 4 0
11 13 18 0
9 13 7 0
10 9 18 0
12 9 15 0
13 9 4 0
14 9 4 0
3 14 17 0
14 8 18 0
14 7 8 0
14 6 0 0
14 5 19 0
13 6 19 0
13 5 4 0
13 4 13 0
2 12 0 0
1 12 17 0
12 2 4 0
12 13 14 0
13 13 20 0
14 13 11 0
13 12 16 0
13 14 4 0
9 12 2 0
9 11 0 0
9 10 11 0
1 11 14 0
0 12 8 0
1 2 0 0
8 11 7 0
12 11 4 0
5 3 8 0
6 3 0 0
mots 1
3 4 6 9
allLettres 99
8 9 4 1
7 7 19 0
8 7 14 0
9 7 19 0
9 6 13 0
9 5 0 0
9 4 19 0
9 8 4 0
8 8 17 0
7 8 20 0
6 8 3 0
7 6 4 0
7 9 3 0
7 10 34 0
8 5 12 0
10 5 17 0
11 5 10 0
6 6 12 0
5 6 24 0
4 6 25 0
3 6 13 0
2 6 4 0
2 5 6 0
2 4 8 0
2 3 5 0
1 4 21 0
3 4 4 0
4 4 18 0
6 10 6 0
5 10 20 0
4 10 9 0
4 3 5 0
4 2 8 0
4 1 15 0
3 1 8 0
2 1 11 0
1 1 2 0
10 8 4 0
11 4 17 0
11 3 0 0
11 2 12 0
3 0 23 0
4 11 20 0
4 12 8 0
4 13 13 0
3 11 22 0
10 3 21 0
5 9 1 0
5 13 13 0
3 13 14 0
2 13 18 0
6 13 4 0
7 13 18 0
6 12 3 0
6 14 1 0
7 14 0 0
8 14 19 0
9 14 4 0
12 3 13 0
10 14 17 0
11 8 48 0
11 9 0 0
11 10 11 0
11 11 11 0
11 12 4 0
11 13 18 0
9 13 7 0
10 9 18 0
12 9 15 0
13 9 4 0
14 9 4 0
3 14 17 0
14 8 18 0
14 7 8 0
14 6 0 0
14 5 19 0
13 6 19 0
13 5 4 0
13 4 13 0
2 12 0 0
1 12 17 0
12 2 4 0
12 13 14 0
13 13 20 0
14 13 11 0
13 12 16 0
13 14 4 0
9 12 2 0
9 11 0 0
9 10 11 0
1 11 14 0
0 12 8 0
1 2 0 0
8 11 7 0
12 11 4 0
5 3 8 0
6 3 0 0
3 7 20 0
3 8 8 0
mots 2
7 9 9 10
8 9 7 10
allLettres 101
2 8 20 1
1 8 14 1
7 7 19 0
8 7 14 0
9 7 19 0
9 6 13 0
9 5 0 0
9 4 19 0
9 8 4 0
8 8 17 0
7 8 20 0
6 8 3 0
7 6 4 0
7 9 3 0
7 10 34 0
8 5 12 0
10 5 17 0
11 5 10 0
6 6 12 0
5 6 24 0
4 6 25 0
3 6 13 0
2 6 4 0
2 5 6 0
2 4 8 0
2 3 5 0
1 4 21 0
3 4 4 0
4 4 18 0
6 10 6 0
5 10 20 0
4 10 9 0
4 3 5 0
4 2 8 0
4 1 15 0
3 1 8 0
2 1 11 0
1 1 2 0
10 8 4 0
11 4 17 0
11 3 0 0
11 2 12 0
3 0 23 0
4 11 20 0
4 12 8 0
4 13 13 0
3 11 22 0
10 3 21 0
5 9 1 0
5 13 13 0
3 13 14 0
2 13 18 0
6 13 4 0
7 13 18 0
6 12 3 0
6 14 1 0
7 14 0 0
8 14 19 0
9 14 4 0
12 3 13 0
10 14 17 0
11 8 48 0
11 9 0 0
11 10 11 0
11 11 11 0
11 12 4 0
11 13 18 0
9 13 7 0
10 9 18 0
12 9 15 0
13 9 4 0
14 9 4 0
3 14 17 0
14 8 18 0
14 7 8 0
14 6 0 0
14 5 19 0
13 6 19 0
13 5 4 0
13 4 13 0
2 12 0 0
1 12 17 0
12 2 4 0
12 13 14 0
13 13 20 0
14 13 11 0
13 12 16 0
13 14 4 0
9 12 2 0
9 11 0 0
9 10 11 0
1 11 14 0
0 12 8 0
1 2 0 0
8 11 7 0
12 11 4 0
5 3 8 0
6 3 0 0
3 7 20 0
3 8 8 0
8 9 4 0
mots 1
1 4 8 9
allLettres 102
7 12 14 1
7 7 19 0
8 7 14 0
9 7 19 0
9 6 13 0
9 5 0 0
9 4 19 0
9 8 4 0
8 8 17 0
7 8 20 0
6 8 3 0
7 6 4 0
7 9 3 0
7 10 34 0
8 5 12 0
10 5 17 0
11 5 10 0
6 6 12 0
5 6 24 0
4 6 25 0
3 6 13 0
2 6 4 0
2 5 6 0
2 4 8 0
2 3 5 0
1 4 21 0
3 4 4 0
4 4 18 0
6 10 6 0
5 10 20 0
4 10 9 0
4 3 5 0
4 2 8 0
4 1 15 0
3 1 8 0
2 1 11 0
1 1 2 0
10 8 4 0
11 4 17 0
11 3 0 0
11 2 12 0
3 0 23 0
4 11 20 0
4 12 8 0
4 13 13 0
3 11 22 0
10 3 21 0
5 9 1 0
5 13 13 0
3 13 14 0
2 13 18 0
6 13 4 0
7 13 18 0
6 12 3 0
6 14 1 0
7 14 0 0
8 14 19 0
9 14 4 0
12 3 13 0
10 14 17 0
11 8 48 0
11 9 0 0
11 10 11 0
11 11 11 0
11 12 4 0
11 13 18 0
9 13 7 0
10 9 18 0
12 9 15 0
13 9 4 0
14 9 4 0
3 14 17 0
14 8 18 0
14 7 8 0
14 6 0 0
14 5 19 0
13 6 19 0
13 5 4 0
13 4 13 0
2 12 0 0
1 12 17 0
12 2 4 0
12 13 14 0
13 13 20 0
14 13 11 0
13 12 16 0
13 14 4 0
9 12 2 0
9 11 0 0
9 10 11 0
1 11 14 0
0 12 8 0
1 2 0 0
8 11 7 0
12 11 4 0
5 3 8 0
6 3 0 0
3 7 20 0
3 8 8 0
8 9 4 0
2 8 20 0
1 8 14 0
mots 2
6 8 12 13
7 8 12 15
3
